1.818000000000000000e+03 8.000958000000000236e-01
5.940000000000000000e+02 1.101472782222222335e+00
0.000000000000000000e+00 1.402849764444444425e+00
0.000000000000000000e+00 1.704226746666666514e+00
0.000000000000000000e+00 2.005603728888888604e+00
0.000000000000000000e+00 2.306980711111110693e+00
0.000000000000000000e+00 2.608357693333333227e+00
0.000000000000000000e+00 2.909734675555555761e+00
0.000000000000000000e+00 3.211111657777777850e+00
0.000000000000000000e+00 3.512488639999999940e+00
0.000000000000000000e+00 3.813865622222222029e+00
0.000000000000000000e+00 4.115242604444444119e+00
0.000000000000000000e+00 4.416619586666666208e+00
0.000000000000000000e+00 4.717996568888888298e+00
0.000000000000000000e+00 5.019373551111111276e+00
0.000000000000000000e+00 5.320750533333333365e+00
0.000000000000000000e+00 5.622127515555555455e+00
0.000000000000000000e+00 5.923504497777777544e+00
0.000000000000000000e+00 6.224881479999999634e+00
9.000000000000000000e+00 6.526258462222221723e+00
4.800000000000000000e+01 6.827635444444443813e+00
8.400000000000000000e+01 7.129012426666666791e+00
1.150000000000000000e+02 7.430389408888888880e+00
1.300000000000000000e+02 7.731766391111110970e+00
1.330000000000000000e+02 8.033143373333333059e+00
1.400000000000000000e+02 8.334520355555554261e+00
1.640000000000000000e+02 8.635897337777777238e+00
1.730000000000000000e+02 8.937274319999998440e+00
1.940000000000000000e+02 9.238651302222221418e+00
2.270000000000000000e+02 9.540028284444442619e+00
2.060000000000000000e+02 9.841405266666665597e+00
2.070000000000000000e+02 1.014278224888888680e+01
1.480000000000000000e+02 1.044415923111110978e+01
1.400000000000000000e+02 1.074553621333333275e+01
1.060000000000000000e+02 1.104691319555555395e+01
6.900000000000000000e+01 1.134829017777777693e+01
4.500000000000000000e+01 1.164966715999999813e+01
2.700000000000000000e+01 1.195104414222222111e+01
2.300000000000000000e+01 1.225242112444444231e+01
9.000000000000000000e+00 1.255379810666666529e+01
8.000000000000000000e+00 1.285517508888888649e+01
4.000000000000000000e+00 1.315655207111110947e+01
1.000000000000000000e+00 1.345792905333333245e+01
1.000000000000000000e+00 1.375930603555555365e+01
1.000000000000000000e+00 1.406068301777777663e+01
