1.839000000000000000e+03 1.200118999999999936e+00
1.839000000000000000e+03 1.505077022222222283e+00
1.146000000000000000e+03 1.810035044444444408e+00
0.000000000000000000e+00 2.114993066666666532e+00
0.000000000000000000e+00 2.419951088888888879e+00
0.000000000000000000e+00 2.724909111111111226e+00
0.000000000000000000e+00 3.029867133333333129e+00
0.000000000000000000e+00 3.334825155555555476e+00
0.000000000000000000e+00 3.639783177777777823e+00
0.000000000000000000e+00 3.944741200000000170e+00
0.000000000000000000e+00 4.249699222222222517e+00
0.000000000000000000e+00 4.554657244444443975e+00
0.000000000000000000e+00 4.859615266666667210e+00
0.000000000000000000e+00 5.164573288888888669e+00
0.000000000000000000e+00 5.469531311111111016e+00
0.000000000000000000e+00 5.774489333333333363e+00
0.000000000000000000e+00 6.079447355555555710e+00
0.000000000000000000e+00 6.384405377777778057e+00
0.000000000000000000e+00 6.689363400000000404e+00
0.000000000000000000e+00 6.994321422222222751e+00
0.000000000000000000e+00 7.299279444444445097e+00
0.000000000000000000e+00 7.604237466666666556e+00
0.000000000000000000e+00 7.909195488888888903e+00
1.500000000000000000e+01 8.214153511111110362e+00
4.600000000000000000e+01 8.519111533333333597e+00
1.170000000000000000e+02 8.824069555555556832e+00
2.540000000000000000e+02 9.129027577777778291e+00
3.500000000000000000e+02 9.433985599999999749e+00
5.710000000000000000e+02 9.738943622222222984e+00
6.520000000000000000e+02 1.004390164444444622e+01
6.500000000000000000e+02 1.034885966666666590e+01
6.080000000000000000e+02 1.065381768888888914e+01
4.650000000000000000e+02 1.095877571111111237e+01
3.790000000000000000e+02 1.126373373333333205e+01
2.860000000000000000e+02 1.156869175555555529e+01
1.550000000000000000e+02 1.187364977777777852e+01
9.800000000000000000e+01 1.217860780000000176e+01
6.000000000000000000e+01 1.248356582222222144e+01
5.500000000000000000e+01 1.278852384444444468e+01
2.400000000000000000e+01 1.309348186666666791e+01
2.100000000000000000e+01 1.339843988888889115e+01
9.000000000000000000e+00 1.370339791111111083e+01
2.000000000000000000e+00 1.400835593333333406e+01
5.000000000000000000e+00 1.431331395555555730e+01
2.000000000000000000e+00 1.461827197777777698e+01
