1.697000000000000000e+03 1.000000000000000021e-02
1.697000000000000000e+03 2.914415555555555648e-01
1.370000000000000000e+03 5.728831111111111207e-01
0.000000000000000000e+00 8.543246666666666211e-01
0.000000000000000000e+00 1.135766222222222233e+00
0.000000000000000000e+00 1.417207777777777844e+00
0.000000000000000000e+00 1.698649333333333233e+00
0.000000000000000000e+00 1.980090888888888845e+00
0.000000000000000000e+00 2.261532444444444234e+00
0.000000000000000000e+00 2.542973999999999624e+00
0.000000000000000000e+00 2.824415555555555457e+00
0.000000000000000000e+00 3.105857111111110846e+00
0.000000000000000000e+00 3.387298666666666236e+00
0.000000000000000000e+00 3.668740222222222069e+00
0.000000000000000000e+00 3.950181777777777459e+00
0.000000000000000000e+00 4.231623333333333292e+00
0.000000000000000000e+00 4.513064888888888682e+00
0.000000000000000000e+00 4.794506444444444071e+00
2.900000000000000000e+01 5.075947999999999460e+00
7.230000000000000000e+02 5.357389555555555738e+00
1.625000000000000000e+03 5.638831111111111127e+00
1.113000000000000000e+03 5.920272666666666517e+00
5.370000000000000000e+02 6.201714222222221906e+00
3.110000000000000000e+02 6.483155777777777296e+00
1.710000000000000000e+02 6.764597333333332685e+00
1.190000000000000000e+02 7.046038888888888962e+00
5.700000000000000000e+01 7.327480444444444352e+00
2.800000000000000000e+01 7.608921999999999741e+00
2.100000000000000000e+01 7.890363555555555131e+00
1.100000000000000000e+01 8.171805111111110520e+00
4.000000000000000000e+00 8.453246666666666798e+00
3.000000000000000000e+00 8.734688222222221299e+00
6.000000000000000000e+00 9.016129777777777576e+00
2.000000000000000000e+00 9.297571333333333854e+00
1.000000000000000000e+00 9.579012888888888355e+00
0.000000000000000000e+00 9.860454444444444633e+00
0.000000000000000000e+00 1.014189599999999913e+01
1.000000000000000000e+00 1.042333755555555541e+01
0.000000000000000000e+00 1.070477911111111169e+01
0.000000000000000000e+00 1.098622066666666619e+01
1.000000000000000000e+00 1.126766222222222247e+01
0.000000000000000000e+00 1.154910377777777697e+01
0.000000000000000000e+00 1.183054533333333325e+01
0.000000000000000000e+00 1.211198688888888952e+01
1.000000000000000000e+00 1.239342844444444403e+01
