1.347000000000000000e+03 8.000958000000000236e-01
1.065000000000000000e+03 1.023476559999999980e+00
0.000000000000000000e+00 1.246857320000000158e+00
0.000000000000000000e+00 1.470238080000000114e+00
0.000000000000000000e+00 1.693618840000000070e+00
0.000000000000000000e+00 1.916999600000000026e+00
0.000000000000000000e+00 2.140380359999999982e+00
0.000000000000000000e+00 2.363761120000000382e+00
0.000000000000000000e+00 2.587141879999999894e+00
0.000000000000000000e+00 2.810522640000000294e+00
0.000000000000000000e+00 3.033903399999999806e+00
0.000000000000000000e+00 3.257284160000000206e+00
0.000000000000000000e+00 3.480664920000000606e+00
0.000000000000000000e+00 3.704045680000000118e+00
0.000000000000000000e+00 3.927426440000000518e+00
0.000000000000000000e+00 4.150807200000000030e+00
0.000000000000000000e+00 4.374187960000000430e+00
0.000000000000000000e+00 4.597568719999999942e+00
2.000000000000000000e+01 4.820949480000000342e+00
2.280000000000000000e+02 5.044330240000000742e+00
5.050000000000000000e+02 5.267711000000000254e+00
5.980000000000000000e+02 5.491091760000000654e+00
4.550000000000000000e+02 5.714472520000000166e+00
2.620000000000000000e+02 5.937853280000000566e+00
1.510000000000000000e+02 6.161234040000000967e+00
6.500000000000000000e+01 6.384614800000000479e+00
5.100000000000000000e+01 6.607995560000000879e+00
1.800000000000000000e+01 6.831376320000000391e+00
1.200000000000000000e+01 7.054757080000000791e+00
1.300000000000000000e+01 7.278137840000000303e+00
7.000000000000000000e+00 7.501518600000000703e+00
8.000000000000000000e+00 7.724899360000000215e+00
7.000000000000000000e+00 7.948280120000000615e+00
4.000000000000000000e+00 8.171660880000001015e+00
2.000000000000000000e+00 8.395041640000000527e+00
0.000000000000000000e+00 8.618422400000000039e+00
2.000000000000000000e+00 8.841803159999999551e+00
1.000000000000000000e+00 9.065183919999999063e+00
0.000000000000000000e+00 9.288564680000000351e+00
2.000000000000000000e+00 9.511945439999999863e+00
0.000000000000000000e+00 9.735326199999999375e+00
0.000000000000000000e+00 9.958706960000000663e+00
0.000000000000000000e+00 1.018208772000000017e+01
0.000000000000000000e+00 1.040546847999999969e+01
1.000000000000000000e+00 1.062884923999999920e+01
