1.319000000000000000e+03 1.200118999999999936e+00
1.318000000000000000e+03 1.418750133333333219e+00
1.318000000000000000e+03 1.637381266666666724e+00
8.690000000000000000e+02 1.856012400000000007e+00
0.000000000000000000e+00 2.074643533333333512e+00
0.000000000000000000e+00 2.293274666666667017e+00
0.000000000000000000e+00 2.511905800000000077e+00
0.000000000000000000e+00 2.730536933333333582e+00
0.000000000000000000e+00 2.949168066666667087e+00
0.000000000000000000e+00 3.167799200000000148e+00
0.000000000000000000e+00 3.386430333333333653e+00
0.000000000000000000e+00 3.605061466666667158e+00
0.000000000000000000e+00 3.823692600000000219e+00
0.000000000000000000e+00 4.042323733333333280e+00
0.000000000000000000e+00 4.260954866666667229e+00
3.000000000000000000e+00 4.479586000000000290e+00
4.300000000000000000e+01 4.698217133333333351e+00
2.150000000000000000e+02 4.916848266666667300e+00
5.650000000000000000e+02 5.135479400000000361e+00
9.130000000000000000e+02 5.354110533333334310e+00
1.076000000000000000e+03 5.572741666666667371e+00
8.270000000000000000e+02 5.791372800000000431e+00
4.950000000000000000e+02 6.010003933333334381e+00
2.830000000000000000e+02 6.228635066666667441e+00
1.660000000000000000e+02 6.447266200000000502e+00
1.130000000000000000e+02 6.665897333333334451e+00
4.900000000000000000e+01 6.884528466666667512e+00
3.000000000000000000e+01 7.103159600000000573e+00
2.100000000000000000e+01 7.321790733333334522e+00
1.100000000000000000e+01 7.540421866666667583e+00
7.000000000000000000e+00 7.759053000000000644e+00
3.000000000000000000e+00 7.977684133333334593e+00
3.000000000000000000e+00 8.196315266666667654e+00
0.000000000000000000e+00 8.414946400000001603e+00
0.000000000000000000e+00 8.633577533333333776e+00
0.000000000000000000e+00 8.852208666666667725e+00
0.000000000000000000e+00 9.070839800000001674e+00
0.000000000000000000e+00 9.289470933333333846e+00
0.000000000000000000e+00 9.508102066666669572e+00
0.000000000000000000e+00 9.726733200000001744e+00
0.000000000000000000e+00 9.945364333333333917e+00
0.000000000000000000e+00 1.016399546666666964e+01
0.000000000000000000e+00 1.038262660000000182e+01
0.000000000000000000e+00 1.060125773333333399e+01
1.000000000000000000e+00 1.081988886666666971e+01
