1.553000000000000000e+03 1.000000000000000021e-02
1.553000000000000000e+03 2.675268888888889252e-01
1.553000000000000000e+03 5.250537777777778414e-01
1.050000000000000000e+02 7.825806666666668132e-01
0.000000000000000000e+00 1.040107555555555674e+00
0.000000000000000000e+00 1.297634444444444535e+00
0.000000000000000000e+00 1.555161333333333618e+00
0.000000000000000000e+00 1.812688222222222478e+00
0.000000000000000000e+00 2.070215111111111117e+00
0.000000000000000000e+00 2.327742000000000200e+00
0.000000000000000000e+00 2.585268888888888839e+00
0.000000000000000000e+00 2.842795777777777921e+00
0.000000000000000000e+00 3.100322666666667004e+00
0.000000000000000000e+00 3.357849555555555643e+00
0.000000000000000000e+00 3.615376444444444726e+00
0.000000000000000000e+00 3.872903333333333364e+00
0.000000000000000000e+00 4.130430222222222447e+00
0.000000000000000000e+00 4.387957111111111530e+00
0.000000000000000000e+00 4.645484000000000613e+00
7.500000000000000000e+01 4.903010888888888807e+00
4.390000000000000000e+02 5.160537777777777890e+00
7.110000000000000000e+02 5.418064666666666973e+00
8.760000000000000000e+02 5.675591555555556056e+00
9.090000000000000000e+02 5.933118444444445139e+00
7.650000000000000000e+02 6.190645333333334221e+00
4.240000000000000000e+02 6.448172222222222416e+00
1.780000000000000000e+02 6.705699111111111499e+00
1.260000000000000000e+02 6.963226000000000582e+00
6.800000000000000000e+01 7.220752888888889665e+00
5.700000000000000000e+01 7.478279777777778747e+00
2.500000000000000000e+01 7.735806666666666942e+00
2.600000000000000000e+01 7.993333555555556025e+00
1.300000000000000000e+01 8.250860444444445108e+00
2.300000000000000000e+01 8.508387333333333302e+00
1.300000000000000000e+01 8.765914222222223273e+00
1.600000000000000000e+01 9.023441111111111468e+00
1.000000000000000000e+00 9.280968000000001439e+00
5.000000000000000000e+00 9.538494888888889633e+00
7.000000000000000000e+00 9.796021777777777828e+00
1.000000000000000000e+00 1.005354866666666780e+01
1.000000000000000000e+00 1.031107555555555599e+01
1.000000000000000000e+00 1.056860244444444596e+01
1.000000000000000000e+00 1.082612933333333416e+01
1.000000000000000000e+00 1.108365622222222235e+01
2.000000000000000000e+00 1.134118311111111232e+01
