1.302000000000000000e+03 8.000958000000000236e-01
1.110000000000000000e+03 1.015934115555555461e+00
0.000000000000000000e+00 1.231772431111111121e+00
0.000000000000000000e+00 1.447610746666666781e+00
0.000000000000000000e+00 1.663449062222222219e+00
0.000000000000000000e+00 1.879287377777777879e+00
0.000000000000000000e+00 2.095125693333333317e+00
0.000000000000000000e+00 2.310964008888888976e+00
0.000000000000000000e+00 2.526802324444444636e+00
0.000000000000000000e+00 2.742640640000000296e+00
0.000000000000000000e+00 2.958478955555555956e+00
0.000000000000000000e+00 3.174317271111110728e+00
0.000000000000000000e+00 3.390155586666666387e+00
0.000000000000000000e+00 3.605993902222222047e+00
0.000000000000000000e+00 3.821832217777777707e+00
0.000000000000000000e+00 4.037670533333333367e+00
0.000000000000000000e+00 4.253508848888889027e+00
0.000000000000000000e+00 4.469347164444444687e+00
0.000000000000000000e+00 4.685185480000000346e+00
0.000000000000000000e+00 4.901023795555556006e+00
7.000000000000000000e+00 5.116862111111111666e+00
2.900000000000000000e+01 5.332700426666666438e+00
7.200000000000000000e+01 5.548538742222222098e+00
1.880000000000000000e+02 5.764377057777777758e+00
3.160000000000000000e+02 5.980215373333333417e+00
3.640000000000000000e+02 6.196053688888889077e+00
3.620000000000000000e+02 6.411892004444444737e+00
3.340000000000000000e+02 6.627730320000000397e+00
2.640000000000000000e+02 6.843568635555555169e+00
1.560000000000000000e+02 7.059406951111110828e+00
1.450000000000000000e+02 7.275245266666666488e+00
5.600000000000000000e+01 7.491083582222222148e+00
5.200000000000000000e+01 7.706921897777777808e+00
2.900000000000000000e+01 7.922760213333333468e+00
1.100000000000000000e+01 8.138598528888888239e+00
1.200000000000000000e+01 8.354436844444444787e+00
5.000000000000000000e+00 8.570275159999999559e+00
5.000000000000000000e+00 8.786113475555554331e+00
2.000000000000000000e+00 9.001951791111110879e+00
0.000000000000000000e+00 9.217790106666665650e+00
0.000000000000000000e+00 9.433628422222222198e+00
2.000000000000000000e+00 9.649466737777776970e+00
0.000000000000000000e+00 9.865305053333331742e+00
0.000000000000000000e+00 1.008114336888888829e+01
1.000000000000000000e+00 1.029698168444444306e+01
