1.125000000000000000e+03 1.000000000000000021e-02
1.125000000000000000e+03 1.965691555555555692e-01
1.125000000000000000e+03 3.831383111111111295e-01
1.125000000000000000e+03 5.697074666666667175e-01
2.640000000000000000e+02 7.562766222222222501e-01
0.000000000000000000e+00 9.428457777777777826e-01
0.000000000000000000e+00 1.129414933333333426e+00
0.000000000000000000e+00 1.315984088888888959e+00
0.000000000000000000e+00 1.502553244444444491e+00
0.000000000000000000e+00 1.689122400000000024e+00
0.000000000000000000e+00 1.875691555555555556e+00
0.000000000000000000e+00 2.062260711111111089e+00
0.000000000000000000e+00 2.248829866666666621e+00
0.000000000000000000e+00 2.435399022222222154e+00
0.000000000000000000e+00 2.621968177777777687e+00
0.000000000000000000e+00 2.808537333333333219e+00
0.000000000000000000e+00 2.995106488888888752e+00
0.000000000000000000e+00 3.181675644444444284e+00
0.000000000000000000e+00 3.368244799999999817e+00
0.000000000000000000e+00 3.554813955555555349e+00
0.000000000000000000e+00 3.741383111111110882e+00
0.000000000000000000e+00 3.927952266666666414e+00
0.000000000000000000e+00 4.114521422222222391e+00
0.000000000000000000e+00 4.301090577777777924e+00
0.000000000000000000e+00 4.487659733333333456e+00
0.000000000000000000e+00 4.674228888888888989e+00
0.000000000000000000e+00 4.860798044444444521e+00
0.000000000000000000e+00 5.047367200000000054e+00
2.000000000000000000e+01 5.233936355555555586e+00
1.600000000000000000e+02 5.420505511111111119e+00
5.870000000000000000e+02 5.607074666666666651e+00
1.020000000000000000e+03 5.793643822222222184e+00
1.078000000000000000e+03 5.980212977777777716e+00
8.370000000000000000e+02 6.166782133333333249e+00
5.470000000000000000e+02 6.353351288888888782e+00
2.720000000000000000e+02 6.539920444444444314e+00
1.210000000000000000e+02 6.726489599999999847e+00
6.800000000000000000e+01 6.913058755555555379e+00
2.200000000000000000e+01 7.099627911111110912e+00
1.500000000000000000e+01 7.286197066666666444e+00
1.200000000000000000e+01 7.472766222222221977e+00
3.000000000000000000e+00 7.659335377777777509e+00
0.000000000000000000e+00 7.845904533333333042e+00
1.000000000000000000e+00 8.032473688888888574e+00
1.000000000000000000e+00 8.219042844444444995e+00
