9.500000000000000000e+02 1.200118999999999936e+00
9.490000000000000000e+02 1.357553977777777643e+00
9.490000000000000000e+02 1.514988955555555572e+00
9.500000000000000000e+02 1.672423933333333279e+00
9.490000000000000000e+02 1.829858911111111208e+00
7.700000000000000000e+01 1.987293888888888915e+00
0.000000000000000000e+00 2.144728866666666622e+00
0.000000000000000000e+00 2.302163844444444329e+00
0.000000000000000000e+00 2.459598822222222481e+00
0.000000000000000000e+00 2.617033799999999744e+00
0.000000000000000000e+00 2.774468777777777895e+00
0.000000000000000000e+00 2.931903755555555602e+00
0.000000000000000000e+00 3.089338733333333309e+00
0.000000000000000000e+00 3.246773711111111016e+00
7.000000000000000000e+00 3.404208688888889167e+00
8.000000000000000000e+01 3.561643666666666874e+00
2.180000000000000000e+02 3.719078644444444581e+00
4.480000000000000000e+02 3.876513622222222288e+00
5.320000000000000000e+02 4.033948600000000440e+00
5.400000000000000000e+02 4.191383577777777703e+00
4.770000000000000000e+02 4.348818555555555854e+00
4.410000000000000000e+02 4.506253533333334005e+00
3.930000000000000000e+02 4.663688511111111268e+00
3.020000000000000000e+02 4.821123488888888531e+00
2.760000000000000000e+02 4.978558466666666682e+00
2.110000000000000000e+02 5.135993444444444833e+00
1.950000000000000000e+02 5.293428422222222096e+00
1.880000000000000000e+02 5.450863400000000247e+00
1.370000000000000000e+02 5.608298377777778398e+00
1.010000000000000000e+02 5.765733355555555661e+00
8.400000000000000000e+01 5.923168333333333813e+00
4.900000000000000000e+01 6.080603311111111076e+00
4.600000000000000000e+01 6.238038288888889227e+00
2.200000000000000000e+01 6.395473266666667378e+00
2.400000000000000000e+01 6.552908244444444641e+00
1.900000000000000000e+01 6.710343222222222792e+00
1.100000000000000000e+01 6.867778200000000055e+00
8.000000000000000000e+00 7.025213177777778206e+00
5.000000000000000000e+00 7.182648155555556357e+00
3.000000000000000000e+00 7.340083133333333620e+00
3.000000000000000000e+00 7.497518111111111772e+00
2.000000000000000000e+00 7.654953088888889035e+00
0.000000000000000000e+00 7.812388066666667186e+00
1.000000000000000000e+00 7.969823044444445337e+00
1.000000000000000000e+00 8.127258022222221712e+00
