   2.0000        0        0        0        0        0        0        0        0        0        0        0        0        0        0        0
        0   2.0000        0        0        0        0        0        0        0        0        0        0        0        0        0        0
        0        0   2.0000        0        0        0        0        0        0        0        0        0        0        0        0        0
        0        0        0   2.0000        0        0        0        0        0        0        0        0        0        0        0        0
        0        0        0        0        0        0        0        0        0        0        0        0        0        0        0        0
        0        0        0        0        0        0        0        0        0        0        0        0        0        0        0        0
        0        0        0        0        0        0        0        0        0        0        0        0        0        0        0        0
        0        0        0        0        0        0        0        0        0        0        0        0        0        0        0        0
        0        0        0        0        0        0        0        0        0        0        0        0        0        0        0        0
        0        0        0        0        0        0        0        0        0        0        0        0        0        0        0        0
        0        0        0        0        0        0        0        0        0        0        0        0        0        0        0        0
        0        0        0        0        0        0        0        0        0        0        0        0        0        0        0        0
        0        0        0        0        0        0        0        0        0        0        0        0  -2.0000        0        0        0
        0        0        0        0        0        0        0        0        0        0        0        0        0  -2.0000        0        0
        0        0        0        0        0        0        0        0        0        0        0        0        0        0  -2.0000        0
        0        0        0        0        0        0        0        0        0        0        0        0        0        0        0  -2.0000


   3.0000        0        0        0        0        0        0        0        0        0        0        0        0        0        0        0
        0   3.0000        0        0        0        0        0        0        0        0        0        0        0        0        0        0
        0        0   1.0000        0        0        0        0        0        0        0        0        0        0        0        0        0
        0        0        0   1.0000        0        0        0        0        0        0        0        0        0        0        0        0
        0        0        0        0   1.0000        0        0        0        0        0        0        0        0        0        0        0
        0        0        0        0        0   1.0000        0        0        0        0        0        0        0        0        0        0
        0        0        0        0        0        0  -1.0000        0        0        0        0        0        0        0        0        0
        0        0        0        0        0        0        0  -1.0000        0        0        0        0        0        0        0        0
        0        0        0        0        0        0        0        0  -1.0000        0        0        0        0        0        0        0
        0        0        0        0        0        0        0        0        0  -1.0000        0        0        0        0        0        0
        0        0        0        0        0        0        0        0        0        0   1.0000        0        0        0        0        0
        0        0        0        0        0        0        0        0        0        0        0   1.0000        0        0        0        0
        0        0        0        0        0        0        0        0        0        0        0        0  -3.0000        0        0        0
        0        0        0        0        0        0        0        0        0        0        0        0        0  -3.0000        0        0
        0        0        0        0        0        0        0        0        0        0        0        0        0        0  -1.0000        0
        0        0        0        0        0        0        0        0        0        0        0        0        0        0        0  -1.0000


   4.0000        0        0        0        0        0        0        0        0        0        0        0        0        0        0        0
        0   4.0000        0        0        0        0        0        0        0        0        0        0        0        0        0        0
        0        0        0        0        0        0        0        0        0        0        0        0        0        0        0        0
        0        0        0        0        0        0        0        0        0        0        0        0        0        0        0        0
        0        0        0        0        0        0        0        0        0        0        0        0        0        0        0        0
        0        0        0        0        0        0        0        0        0        0        0        0        0        0        0        0
        0        0        0        0        0        0        0        0        0        0        0        0        0        0        0        0
        0        0        0        0        0        0        0        0        0        0        0        0        0        0        0        0
        0        0        0        0        0        0        0        0        0        0        0        0        0        0        0        0
        0        0        0        0        0        0        0        0        0        0        0        0        0        0        0        0
        0        0        0        0        0        0        0        0        0        0        0        0        0        0        0        0
        0        0        0        0        0        0        0        0        0        0        0        0        0        0        0        0
        0        0        0        0        0        0        0        0        0        0        0        0  -4.0000        0        0        0
        0        0        0        0        0        0        0        0        0        0        0        0        0  -4.0000        0        0
        0        0        0        0        0        0        0        0        0        0        0        0        0        0        0        0
        0        0        0        0        0        0        0        0        0        0        0        0        0        0        0        0


   4.0000        0        0        0        0        0        0        0        0        0        0        0        0        0        0        0
        0   4.0000        0        0        0        0        0        0        0        0        0        0        0        0        0        0
        0        0        0        0        0        0        0        0        0        0        0        0        0        0        0        0
        0        0        0        0        0        0        0        0        0        0        0        0        0        0        0        0
        0        0        0        0        0        0        0        0        0        0        0        0        0        0        0        0
        0        0        0        0        0        0        0        0        0        0        0        0        0        0        0        0
        0        0        0        0        0        0        0        0        0        0        0        0        0        0        0        0
        0        0        0        0        0        0        0        0        0        0        0        0        0        0        0        0
        0        0        0        0        0        0        0        0        0        0        0        0        0        0        0        0
        0        0        0        0        0        0        0        0        0        0        0        0        0        0        0        0
        0        0        0        0        0        0        0        0        0        0        0        0        0        0        0        0
        0        0        0        0        0        0        0        0        0        0        0        0        0        0        0        0
        0        0        0        0        0        0        0        0        0        0        0        0  -4.0000        0        0        0
        0        0        0        0        0        0        0        0        0        0        0        0        0  -4.0000        0        0
        0        0        0        0        0        0        0        0        0        0        0        0        0        0        0        0
        0        0        0        0        0        0        0        0        0        0        0        0        0        0        0        0


   4.0000        0        0        0        0        0        0        0        0        0        0        0        0        0        0        0
        0   4.0000        0        0        0        0        0        0        0        0        0        0        0        0        0        0
        0        0        0        0        0        0        0        0        0        0        0        0        0        0        0        0
        0        0        0        0        0        0        0        0        0        0        0        0        0        0        0        0
        0        0        0        0        0        0        0        0        0        0        0        0        0        0        0        0
        0        0        0        0        0        0        0        0        0        0        0        0        0        0        0        0
        0        0        0        0        0        0        0        0        0        0        0        0        0        0        0        0
        0        0        0        0        0        0        0        0        0        0        0        0        0        0        0        0
        0        0        0        0        0        0        0        0        0        0        0        0        0        0        0        0
        0        0        0        0        0        0        0        0        0        0        0        0        0        0        0        0
        0        0        0        0        0        0        0        0        0        0        0        0        0        0        0        0
        0        0        0        0        0        0        0        0        0        0        0        0        0        0        0        0
        0        0        0        0        0        0        0        0        0        0        0        0  -4.0000        0        0        0
        0        0        0        0        0        0        0        0        0        0        0        0        0  -4.0000        0        0
        0        0        0        0        0        0        0        0        0        0        0        0        0        0        0        0
        0        0        0        0        0        0        0        0        0        0        0        0        0        0        0        0

